1791497614.385606479 cpu  214 0 165 13219 51 30 4 0 0 0
1791497619.398700279 cpu  226 0 168 13704 51 31 5 0 0 0
1791497624.412879742 cpu  227 0 169 14203 51 31 5 0 0 0
1791497629.422432444 cpu  227 0 169 14702 51 31 5 0 0 0
1791497634.432926304 cpu  228 0 170 15202 51 32 5 0 0 0
1791497639.443266834 cpu  229 0 170 15701 51 32 5 0 0 0
1791497644.453692234 cpu  229 0 171 16200 51 33 5 0 0 0
1791497649.465430538 cpu  230 0 171 16699 51 33 5 0 0 0
1791497654.476240658 cpu  231 0 171 17199 51 34 5 0 0 0
1791497659.486370943 cpu  231 0 172 17695 54 34 5 0 0 0
1791497664.496424017 cpu  231 0 173 18195 54 34 5 0 0 0
1791497669.506409487 cpu  232 0 173 18694 54 35 5 0 0 0
1791497674.518101431 cpu  232 0 173 19194 54 35 6 0 0 0
1791497679.529642266 cpu  234 0 175 19688 56 36 6 0 0 0
1791497684.542453487 cpu  235 0 176 20187 56 36 6 0 0 0
1791497689.556150194 cpu  235 0 177 20687 56 37 6 0 0 0
1791497694.569240602 cpu  235 0 178 21186 56 37 6 0 0 0
1791497699.584934515 cpu  236 0 179 21685 56 38 6 0 0 0
1791497704.598467489 cpu  236 0 180 22185 56 38 6 0 0 0
1791497709.612325188 cpu  237 0 180 22683 56 39 6 0 0 0
1791497714.624122857 cpu  237 0 181 23182 57 39 6 0 0 0
1791497719.637269926 cpu  237 0 182 23681 57 39 6 0 0 0
1791497724.656136329 cpu  238 0 183 24181 57 40 7 0 0 0
1791497729.673857880 cpu  239 0 184 24680 57 40 7 0 0 0
1791497734.689836556 cpu  239 0 185 25179 57 41 7 0 0 0
1791497739.704128916 cpu  240 0 186 25677 57 41 7 0 0 0
1791497744.717766578 cpu  240 0 187 26176 57 42 7 0 0 0
1791497749.729293743 cpu  241 0 188 26676 57 42 7 0 0 0
1791497754.741464721 cpu  241 0 189 27175 57 43 7 0 0 0
1791497759.755299003 cpu  242 0 189 27674 57 43 7 0 0 0
1791497764.768698551 cpu  242 0 191 28173 58 44 7 0 0 0
1791497764.823449007 cpu  244 0 191 28176 58 44 7 0 0 0
1791497765.861563225 cpu  331 0 201 28176 61 47 8 0 0 0
1791497766.892634210 cpu  419 0 211 28176 62 50 8 0 0 0
1791497767.925985938 cpu  512 0 219 28176 62 53 8 0 0 0
1791497768.974377992 cpu  601 0 227 28176 62 57 8 0 0 0
1791497770.012788368 cpu  696 0 233 28176 62 60 8 0 0 0
1791497771.049869852 cpu  782 0 246 28176 62 64 8 0 0 0
1791497772.081029553 cpu  866 0 258 28176 62 68 9 0 0 0
1791497773.116304095 cpu  949 0 270 28176 64 73 9 0 0 0
1791497774.154210870 cpu  1029 0 288 28176 64 78 9 0 0 0
1791497775.182225525 cpu  1087 0 304 28196 65 84 9 0 0 0
1791497780.197171988 cpu  1089 0 305 28682 73 86 9 0 0 0
1791497785.212297198 cpu  1090 0 306 29180 73 87 9 0 0 0
1791497790.233380713 cpu  1092 0 308 29677 73 88 9 0 0 0
1791497795.255346743 cpu  1124 0 315 30133 74 92 9 0 0 0
1791497800.271468921 cpu  1125 0 317 30627 75 95 10 0 0 0
1791497805.287642772 cpu  1126 0 318 31125 75 96 10 0 0 0
1791497810.305213766 cpu  1127 0 319 31623 75 97 10 0 0 0
1791497815.321106072 cpu  1129 0 320 32120 76 98 10 0 0 0
1791497820.340715113 cpu  1130 0 321 32618 76 99 10 0 0 0
1791497825.362887268 cpu  1137 0 323 33109 76 101 10 0 0 0
1791497830.380179126 cpu  1138 0 324 33606 76 102 10 0 0 0
1791497835.396988485 cpu  1139 0 325 34104 77 103 10 0 0 0
1791497840.416338263 cpu  1140 0 327 34602 77 104 11 0 0 0
1791497845.434150859 cpu  1142 0 328 35099 77 105 11 0 0 0
1791497850.453296361 cpu  1143 0 329 35597 77 106 11 0 0 0
1791497855.468515924 cpu  1147 0 331 36091 77 107 11 0 0 0
1791497860.484847016 cpu  1148 0 332 36588 78 108 11 0 0 0
1791497865.501080295 cpu  1149 0 334 37084 78 109 11 0 0 0
1791497870.518057443 cpu  1151 0 335 37582 78 110 11 0 0 0
1791497875.532919290 cpu  1152 0 335 38081 78 111 11 0 0 0
1791497880.547972219 cpu  1153 0 336 38579 78 112 11 0 0 0
1791497885.563883073 cpu  1157 0 338 39073 78 113 12 0 0 0
1791497890.581108462 cpu  1158 0 339 39570 79 114 12 0 0 0
1791497895.597653598 cpu  1159 0 340 40068 79 115 12 0 0 0
1791497900.613964269 cpu  1161 0 340 40566 79 116 12 0 0 0
1791497905.628621233 cpu  1162 0 341 41064 79 117 12 0 0 0
1791497910.643347402 cpu  1163 0 342 41562 79 118 12 0 0 0
1791497915.662567533 cpu  1166 0 344 42057 79 119 12 0 0 0
1791497920.679430842 cpu  1168 0 346 42555 80 120 12 0 0 0
1791497925.695749093 cpu  1169 0 346 43053 80 121 12 0 0 0
1791497930.712087539 cpu  1169 0 347 43551 80 122 13 0 0 0
1791497935.732311559 cpu  1170 0 349 44049 80 123 13 0 0 0
1791497940.748558384 cpu  1171 0 350 44547 80 124 13 0 0 0
1791497945.765026483 cpu  1175 0 351 45042 80 125 13 0 0 0
1791497950.780683943 cpu  1176 0 352 45539 80 126 13 0 0 0
1791497955.797078822 cpu  1199 0 356 46009 81 128 13 0 0 0
1791497960.817886715 cpu  1271 0 367 46422 82 132 14 0 0 0
1791497965.835870596 cpu  1301 0 372 46881 86 135 14 0 0 0
1791497970.851615644 cpu  1355 0 378 47316 87 138 14 0 0 0
1791497975.867467903 cpu  1397 0 384 47763 88 141 15 0 0 0
1791497980.895133969 cpu  1451 0 390 48197 92 144 15 0 0 0
1791497985.910763702 cpu  1470 0 393 48673 93 145 15 0 0 0
1791497990.927283156 cpu  1505 0 397 49128 96 148 16 0 0 0
1791497995.942718670 cpu  1542 0 401 49580 97 150 16 0 0 0
1791498000.962578862 cpu  1556 0 404 50063 97 152 16 0 0 0
1791498005.978665446 cpu  1573 0 408 50538 99 154 17 0 0 0
1791498010.993978596 cpu  1583 0 411 51024 99 156 17 0 0 0
1791498016.012493124 cpu  1593 0 414 51510 99 157 17 0 0 0
1791498021.032325097 cpu  1606 0 416 51993 100 159 18 0 0 0
1791498026.048175203 cpu  1619 0 419 52475 101 161 18 0 0 0
1791498031.063383945 cpu  1631 0 420 52960 101 162 19 0 0 0
1791498036.082013847 cpu  1646 0 424 53439 102 165 19 0 0 0
1791498041.100258967 cpu  1656 0 427 53921 105 167 19 0 0 0
1791498046.117648147 cpu  1670 0 430 54400 106 169 20 0 0 0
1791498051.136855698 cpu  1681 0 433 54885 106 170 20 0 0 0
1791498056.155628487 cpu  1692 0 435 55371 107 172 20 0 0 0
1791498061.171423202 cpu  1700 0 437 55860 107 174 21 0 0 0
1791498066.186032436 cpu  1710 0 439 56347 108 175 21 0 0 0
1791498071.202142401 cpu  1717 0 441 56834 109 177 21 0 0 0
1791498076.218343612 cpu  1724 0 444 57324 109 178 22 0 0 0
1791498081.233230387 cpu  1734 0 446 57810 109 180 22 0 0 0
1791498086.247913824 cpu  1743 0 448 58296 110 182 23 0 0 0
1791498091.264434444 cpu  1750 0 450 58785 110 184 23 0 0 0
1791498096.282226663 cpu  1765 0 452 59266 111 185 23 0 0 0
1791498101.298950231 cpu  1782 0 455 59743 111 187 24 0 0 0
1791498106.315209824 cpu  1790 0 457 60233 111 189 24 0 0 0
1791498111.331760119 cpu  1798 0 460 60721 111 191 24 0 0 0
1791498116.347779205 cpu  1806 0 461 61211 112 192 25 0 0 0
1791498121.362169260 cpu  1817 0 463 61696 112 193 25 0 0 0
1791498126.376499989 cpu  1825 0 465 62184 112 195 25 0 0 0
1791498131.391716532 cpu  1838 0 467 62667 113 197 26 0 0 0
1791498136.408061772 cpu  1850 0 470 63151 113 198 26 0 0 0
1791498141.427408267 cpu  1869 0 472 63628 113 200 27 0 0 0
1791498146.443855085 cpu  1883 0 474 64110 113 202 27 0 0 0
1791498151.458815621 cpu  1894 0 476 64597 113 203 27 0 0 0
1791498156.481086287 cpu  1910 0 479 65077 113 205 28 0 0 0
1791498161.502497924 cpu  1922 0 482 65560 114 207 28 0 0 0
1791498166.518980938 cpu  1937 0 484 66041 114 209 28 0 0 0
1791498171.534776709 cpu  1947 0 486 66527 115 210 29 0 0 0
1791498176.550460109 cpu  1955 0 488 67017 115 212 29 0 0 0
1791498181.569385304 cpu  1962 0 490 67506 115 214 29 0 0 0
1791498186.585377811 cpu  1981 0 492 67981 117 216 30 0 0 0
1791498191.602075091 cpu  1988 0 495 68467 118 218 30 0 0 0
1791498196.617969020 cpu  1997 0 497 68952 121 220 31 0 0 0
1791498201.633165236 cpu  2005 0 499 69440 121 221 31 0 0 0
1791498206.650823675 cpu  2016 0 501 69926 122 223 31 0 0 0
1791498211.665953463 cpu  2024 0 503 70415 122 224 32 0 0 0
1791498216.684297590 cpu  2037 0 506 70896 122 226 32 0 0 0
1791498221.700212114 cpu  2084 0 512 71342 123 228 32 0 0 0
1791498226.715604894 cpu  2095 0 513 71828 123 230 33 0 0 0
1791498231.739262508 cpu  2103 0 515 72317 123 231 33 0 0 0
1791498236.753317497 cpu  2113 0 517 72803 124 233 33 0 0 0
1791498241.767867671 cpu  2121 0 519 73292 124 234 34 0 0 0
1791498246.788422024 cpu  2133 0 522 73775 124 236 34 0 0 0
1791498251.802651852 cpu  2143 0 524 74262 125 238 35 0 0 0
1791498256.818250334 cpu  2150 0 526 74751 125 239 35 0 0 0
1791498261.834842517 cpu  2151 0 527 75249 125 240 35 0 0 0
1791498266.849562950 cpu  2152 0 528 75748 125 241 35 0 0 0
1791498271.865899711 cpu  2153 0 529 76246 125 242 35 0 0 0
1791498276.887162838 cpu  2154 0 532 76741 126 243 35 0 0 0
1791498281.905242636 cpu  2155 0 534 77237 127 245 35 0 0 0
1791498286.924522535 cpu  2156 0 535 77736 127 245 35 0 0 0
1791498291.940060970 cpu  2156 0 536 78234 127 246 36 0 0 0
1791498296.957276990 cpu  2158 0 537 78732 127 247 36 0 0 0
1791498301.972571017 cpu  2158 0 538 79231 127 248 36 0 0 0
1791498306.987828386 cpu  2160 0 540 79726 128 249 36 0 0 0
1791498312.005585488 cpu  2161 0 541 80224 128 250 36 0 0 0
1791498317.022192573 cpu  2162 0 542 80722 129 251 36 0 0 0
1791498322.036476704 cpu  2163 0 543 81219 129 252 36 0 0 0
1791498327.051358417 cpu  2164 0 544 81718 129 253 36 0 0 0
1791498332.067189073 cpu  2164 0 545 82216 129 254 36 0 0 0
1791498337.083070674 cpu  2167 0 546 82711 129 255 36 0 0 0
1791498342.102079522 cpu  2168 0 548 83209 129 256 37 0 0 0
1791498347.118168983 cpu  2169 0 549 83706 130 257 37 0 0 0
1791498352.134369904 cpu  2170 0 550 84204 130 258 37 0 0 0
1791498357.151223078 cpu  2171 0 551 84703 130 259 37 0 0 0
1791498362.168330670 cpu  2172 0 552 85201 130 260 37 0 0 0
1791498367.183821544 cpu  2174 0 553 85698 130 261 37 0 0 0
1791498372.202080237 cpu  2175 0 554 86192 132 262 37 0 0 0
